  8e-005  0.31216
  8.1e-005  0.329109
  8.3e-005  0.36559
  8.5e-005  0.402564
  8.6e-005  0.423885
  8.8e-005  0.466448
  9e-005  0.513015
  9.3e-005  0.588679
  9.5e-005  0.64198
  9.7e-005  0.702894
  9.9e-005  0.762851
  0.000102  0.868517
  0.000105  0.978805
  0.000108  1.10301
  0.000111  1.23927
  0.000114  1.38391
  0.000117  1.54351
  0.000121  1.7794
  0.000124  1.96875
  0.000129  2.32854
  0.000133  2.63488
  0.000137  2.99098
  0.000142  3.47434
  0.000148  4.12539
  0.000153  4.75713
  0.000159  5.57794
