  5e-006  0.421357
  5e-006  0.421579
  5e-006  0.42065
  5e-006  0.420315
  5e-006  0.421757
  5e-006  0.421704
  5e-006  0.421975
  5e-006  0.420865
  5e-006  0.422183
  6e-006  0.905863
  6e-006  0.906753
  6e-006  0.907043
  6e-006  0.906679
  6e-006  0.898133
  6e-006  0.90421
  7e-006  1.72271
  7e-006  1.7309
  7e-006  1.73102
  7e-006  1.72809
  8e-006  3.02758
  8e-006  3.02138
  8e-006  3.01968
  8e-006  3.02729
  9e-006  4.95567
  9e-006  4.96108
  9e-006  4.95705
