  2e-005  0.719943
  2e-005  0.719857
  2e-005  0.72051
  2.1e-005  0.769631
  2.1e-005  0.769647
  2.2e-005  0.776164
  2.2e-005  0.790276
  2.3e-005  0.840682
  2.3e-005  0.870827
  2.4e-005  0.924427
  2.4e-005  0.923761
  2.5e-005  0.978864
  2.6e-005  1.03442
  2.7e-005  1.07228
  2.7e-005  1.0919
  2.8e-005  1.10909
  2.9e-005  1.18801
  3e-005  1.26927
  3.1e-005  1.33247
  3.2e-005  1.39419
  3.3e-005  1.46003
  3.4e-005  1.52449
  3.5e-005  1.59301
  3.7e-005  1.73219
  3.8e-005  1.80399
  3.9e-005  1.84675
