  1e-005  1.1772
  1e-005  1.11565
  1e-005  1.14821
  1e-005  1.17514
  1e-005  1.17731
  1.1e-005  1.115
  1.1e-005  1.11766
  1.1e-005  1.12717
  1.1e-005  1.13299
  1.2e-005  1.07202
  1.2e-005  1.08655
  1.2e-005  1.05563
  1.3e-005  1.042
  1.3e-005  1.03232
  1.3e-005  1.04472
  1.4e-005  1.00152
  1.4e-005  1.00662
  1.5e-005  0.966098
  1.5e-005  0.964774
  1.6e-005  0.932953
  1.6e-005  0.939773
  1.7e-005  0.899016
  1.7e-005  0.904038
  1.8e-005  0.878825
  1.9e-005  0.808525
  1.9e-005  0.831405
