  1e-005  0.742503
  1e-005  0.742203
  1e-005  0.742617
  1e-005  0.742425
  1e-005  0.742064
  1.1e-005  0.841654
  1.1e-005  0.84185
  1.1e-005  0.841443
  1.1e-005  0.842135
  1.2e-005  0.944886
  1.2e-005  0.944689
  1.2e-005  0.945131
  1.3e-005  1.04971
  1.3e-005  1.05017
  1.3e-005  1.05012
  1.4e-005  1.15885
  1.4e-005  1.15756
  1.5e-005  1.24643
  1.5e-005  1.26796
  1.6e-005  1.38251
  1.6e-005  1.38259
  1.7e-005  1.49895
  1.7e-005  1.49888
  1.8e-005  1.6172
  1.9e-005  1.74022
  1.9e-005  1.74106
