  2e-005  0.331116
  2e-005  0.331756
  2e-005  0.332054
  2.1e-005  0.407248
  2.1e-005  0.407954
  2.2e-005  0.496285
  2.2e-005  0.494725
  2.3e-005  0.596346
  2.3e-005  0.596594
  2.4e-005  0.711373
  2.4e-005  0.713476
  2.5e-005  0.847444
  2.6e-005  0.98981
  2.7e-005  1.17204
  2.7e-005  1.16903
  2.8e-005  1.35751
  2.9e-005  1.58202
  3e-005  1.82389
  3.1e-005  2.08457
  3.2e-005  2.38738
  3.3e-005  2.72034
  3.4e-005  3.08289
  3.5e-005  3.48149
  3.7e-005  4.39453
  3.8e-005  4.9008
  3.9e-005  5.47812
