  1e-005  0.359703
  1e-005  0.359446
  1e-005  0.359813
  1e-005  0.359263
  1e-005  0.358222
  1.1e-005  0.536717
  1.1e-005  0.535888
  1.1e-005  0.529184
  1.1e-005  0.536521
  1.2e-005  0.773666
  1.2e-005  0.7739
  1.2e-005  0.765494
  1.3e-005  1.0802
  1.3e-005  1.0829
  1.3e-005  1.07825
  1.4e-005  1.47448
  1.4e-005  1.46917
  1.5e-005  1.97248
  1.5e-005  1.9698
  1.6e-005  2.58635
  1.6e-005  2.58095
  1.7e-005  3.33602
  1.7e-005  3.3282
  1.8e-005  4.2364
  1.9e-005  5.31677
  1.9e-005  5.30276
