  4e-005  1.17406
  4e-005  1.1791
  4.1e-005  1.16121
  4.2e-005  1.14154
  4.3e-005  1.13062
  4.4e-005  1.12713
  4.5e-005  1.11278
  4.6e-005  1.10121
  4.7e-005  1.08257
  4.8e-005  1.08137
  4.9e-005  1.05002
  5.1e-005  1.05142
  5.2e-005  1.04044
  5.4e-005  1.02491
  5.5e-005  1.00979
  5.7e-005  1.00096
  5.8e-005  0.98382
  6e-005  0.965169
  6.2e-005  0.966207
  6.4e-005  0.953873
  6.6e-005  0.923002
  6.8e-005  0.930959
  7.1e-005  0.90704
  7.4e-005  0.875661
  7.6e-005  0.868566
  7.9e-005  0.880924
