  8e-005  1.09889
  8.1e-005  1.12501
  8.3e-005  1.11565
  8.5e-005  1.1013
  8.6e-005  1.08984
  8.8e-005  1.08658
  9e-005  1.08396
  9.3e-005  1.07474
  9.5e-005  1.06138
  9.7e-005  1.05416
  9.9e-005  1.04911
  0.000102  1.04321
  0.000105  1.03111
  0.000108  1.02792
  0.000111  1.01394
  0.000114  1.01034
  0.000117  1.00544
  0.000121  0.996808
  0.000124  0.988983
  0.000129  0.954378
  0.000133  0.973696
  0.000137  0.940762
  0.000142  0.958935
  0.000148  0.950075
  0.000153  0.93819
  0.000159  0.915619
