  4e-005  0.316253
  4e-005  0.321207
  4.1e-005  0.35579
  4.2e-005  0.394732
  4.3e-005  0.434579
  4.4e-005  0.477705
  4.5e-005  0.527621
  4.6e-005  0.577706
  4.7e-005  0.627934
  4.8e-005  0.68602
  4.9e-005  0.752985
  5.1e-005  0.880487
  5.2e-005  0.968153
  5.4e-005  1.13397
  5.5e-005  1.22257
  5.7e-005  1.41861
  5.8e-005  1.51999
  6e-005  1.76193
  6.2e-005  2.02253
  6.4e-005  2.30923
  6.6e-005  2.63163
  6.8e-005  2.97817
  7.1e-005  3.56325
  7.4e-005  4.25321
  7.6e-005  4.75963
  7.9e-005  5.58994
