  2e-006  0.00283856
  4e-006  0.0254226
  6e-006  0.092644
  8e-006  0.234461
  1e-005  0.478307
  1.2e-005  0.854406
  1.4e-005  1.39528
  1.6e-005  2.11373
  1.8e-005  3.12308
  2e-005  4.36463
  2.2e-005  5.86627
  2.4e-005  -1.#IND
  2.6e-005  10.0824
  2.8e-005  12.8483
  3e-005  15.9381
  3.2e-005  19.5926
  3.4e-005  23.7326
  3.6e-005  28.6259
  3.8e-005  34.0334
  4e-005  40.1004
  4.2e-005  -1.#IND
  4.4e-005  54.4429
  4.6e-005  62.3843
  4.8e-005  72.0077
  5e-005  81.9338
  5.2e-005  92.5881
  5.4e-005  104.702
  5.6e-005  116.707
  5.8e-005  130.815
  6e-005  146.708
  6.2e-005  161.02
  6.4e-005  178.425
  6.6e-005  197.696
  6.8e-005  219.692
  7e-005  240.049
  7.2e-005  262.152
  7.4e-005  286.888
  7.6e-005  309.289
  7.8e-005  340.059
  8e-005  368.264
  8.2e-005  397.404
  8.4e-005  431.621
  8.6e-005  464.7
  8.8e-005  499.153
  9e-005  535.811
  9.2e-005  575.238
  9.4e-005  616.721
  9.6e-005  -1.#IND
  9.8e-005  -1.#IND
  0.0001  750.433
