  5e-006  1.12946
  5e-006  1.10177
  5e-006  1.09554
  5e-006  1.13252
  5e-006  1.13416
  5e-006  1.13192
  5e-006  1.13535
  5e-006  1.08987
  5e-006  1.10015
  6e-006  1.02684
  6e-006  1.05803
  6e-006  1.02968
  6e-006  1.05281
  6e-006  1.05814
  6e-006  1.05814
  7e-006  0.988377
  7e-006  0.990572
  7e-006  0.993717
  7e-006  0.988418
  8e-006  0.938882
  8e-006  0.938801
  8e-006  0.934003
  8e-006  0.937313
  9e-006  0.891311
  9e-006  0.89108
  9e-006  0.891372
