  5e-006  0.760789
  5e-006  0.776334
  5e-006  0.760131
  5e-006  0.775464
  5e-006  0.775818
  5e-006  0.761522
  5e-006  0.774908
  5e-006  0.775267
  5e-006  0.775114
  6e-006  0.993103
  6e-006  0.993299
  6e-006  0.993023
  6e-006  0.992639
  6e-006  0.956818
  6e-006  0.992737
  7e-006  1.21978
  7e-006  1.21819
  7e-006  1.22141
  7e-006  1.21983
  8e-006  1.46027
  8e-006  1.43301
  8e-006  1.45808
  8e-006  1.4596
  9e-006  1.64547
  9e-006  1.70737
  9e-006  1.70715
