  2e-005  1.20612
  2e-005  1.20383
  2e-005  1.20615
  2.1e-005  1.17447
  2.1e-005  1.14436
  2.2e-005  1.13027
  2.2e-005  1.14521
  2.3e-005  1.11755
  2.3e-005  1.11771
  2.4e-005  1.08316
  2.4e-005  1.06126
  2.5e-005  1.06585
  2.6e-005  1.01586
  2.7e-005  1.01874
  2.7e-005  1.02186
  2.8e-005  1.00385
  2.9e-005  0.976098
  3e-005  0.939949
  3.1e-005  0.950208
  3.2e-005  0.934227
  3.3e-005  0.913712
  3.4e-005  0.883729
  3.5e-005  0.890936
  3.7e-005  0.8655
  3.8e-005  0.842481
  3.9e-005  0.842701
